{
  "samples": [
    {
      "x": 1.3516291379928598,
      "y": 5.561673641204833,
      "heading": 2.3881746356804177e-27,
      "angularVelocity": 1.520259334811124e-28,
      "velocityX": 1.5181977283413896e-27,
      "velocityY": -2.8781677747926103e-27,
      "timestamp": 0
    },
    {
      "x": 1.3294475674629211,
      "y": 5.5346140861511195,
      "heading": 1.9475491730184324e-18,
      "angularVelocity": 2.5503474520423742e-17,
      "velocityX": -0.29047128983926973,
      "velocityY": -0.35434929408265897,
      "timestamp": 0.07636407213329832
    },
    {
      "x": 1.3072659969329832,
      "y": 5.507554531097412,
      "heading": -5.455292459014631e-27,
      "angularVelocity": -2.5503474693925523e-17,
      "velocityX": -0.29047128983926973,
      "velocityY": -0.35434929408265897,
      "timestamp": 0.15272814426659664
    },
    {
      "x": 1.3072659969329825,
      "y": 5.507554531097411,
      "heading": -2.7029177882975572e-27,
      "angularVelocity": 6.476489664929994e-28,
      "velocityX": 1.9312399779998418e-17,
      "velocityY": -1.0458165358522287e-17,
      "timestamp": 0.22909221639989497
    }
  ],
  "eventMarkers": []
}